390,30,420,50,U14.zip
420,30,450,50,U15.zip
450,30,480,50,U16.zip
480,30,510,50,U17.zip
510,30,540,50,U18.zip
540,30,570,50,U19.zip
570,30,600,50,U20.zip
600,30,630,50,U21.zip
630,30,660,50,U22.zip
960,30,990,50,SVALBARD.zip
990,30,1020,50,SVALBARD.zip
1020,30,1050,50,SVALBARD.zip
1050,30,1080,50,SVALBARD.zip
1080,30,1110,50,FJ.zip
1110,30,1140,50,FJ.zip
1140,30,1170,50,FJ.zip
1170,30,1200,50,FJ.zip
1200,30,1230,50,FJ.zip
1290,30,1320,50,U44.zip
1350,30,1380,50,U46.zip
1380,30,1410,50,U47.zip
270,50,300,70,T10.zip
300,50,330,70,T11.zip
330,50,360,70,T12.zip
360,50,390,70,T13.zip
390,50,420,70,T14.zip
420,50,450,70,T15.zip
450,50,480,70,T16.zip
480,50,510,70,T17.zip
510,50,540,70,T18.zip
540,50,570,70,T19.zip
930,50,960,70,SVALBARD.zip
960,50,990,70,SVALBARD.zip
990,50,1020,70,SVALBARD.zip
1020,50,1050,70,SVALBARD.zip
1050,50,1080,70,SVALBARD.zip
1140,50,1170,70,FJ.zip
1170,50,1200,70,T40.zip
1200,50,1230,70,T41.zip
1230,50,1260,70,T42.zip
1260,50,1290,70,T43.zip
1290,50,1320,70,T44.zip
1320,50,1350,70,T45.zip
1350,50,1380,70,T46.zip
1380,50,1410,70,T47.zip
1410,50,1440,70,T48.zip
1440,50,1470,70,T49.zip
1560,50,1590,70,T53.zip
1590,50,1620,70,T54.zip
1620,50,1650,70,T55.zip
1650,50,1680,70,T56.zip
1680,50,1710,70,T57.zip
270,70,300,90,S10.zip
300,70,330,90,S11.zip
330,70,360,90,S12.zip
360,70,390,90,S13.zip
390,70,420,90,S14.zip
420,70,450,90,S15.zip
450,70,480,90,S16.zip
480,70,510,90,S17.zip
510,70,540,90,S18.zip
1140,70,1170,90,S39.zip
1170,70,1200,90,S40.zip
1200,70,1230,90,S41.zip
1230,70,1260,90,S42.zip
1260,70,1290,90,S43.zip
1290,70,1320,90,S44.zip
1320,70,1350,90,S45.zip
1350,70,1380,90,S46.zip
1380,70,1410,90,S47.zip
1410,70,1440,90,S48.zip
1440,70,1470,90,S49.zip
1470,70,1500,90,S50.zip
1500,70,1530,90,S51.zip
1530,70,1560,90,S52.zip
1560,70,1590,90,S53.zip
1590,70,1620,90,S54.zip
1620,70,1650,90,S55.zip
1650,70,1680,90,S56.zip
60,90,90,110,R03.zip
90,90,120,110,R04.zip
120,90,150,110,R05.zip
150,90,180,110,R06.zip
180,90,210,110,R07.zip
210,90,240,110,R08.zip
240,90,270,110,R09.zip
270,90,300,110,R10.zip
300,90,330,110,R11.zip
330,90,360,110,R12.zip
360,90,390,110,R13.zip
390,90,420,110,R14.zip
420,90,450,110,R15.zip
450,90,480,110,R16.zip
480,90,510,110,R17.zip
510,90,540,110,R18.zip
540,90,570,110,R19.zip
570,90,600,110,R20.zip
960,90,990,110,R33v2.zip
990,90,1020,110,R34v2.zip
1020,90,1050,110,R35v2.zip
1050,90,1080,110,R36v2.zip
1080,90,1110,110,R37v2.zip
1110,90,1140,110,R38v2.zip
1140,90,1170,110,R39.zip
1170,90,1200,110,R40.zip
1200,90,1230,110,R41.zip
1230,90,1260,110,R42.zip
1260,90,1290,110,R43.zip
1290,90,1320,110,R44.zip
1320,90,1350,110,R45.zip
1350,90,1380,110,R46.zip
1380,90,1410,110,R47.zip
1410,90,1440,110,R48.zip
1440,90,1470,110,R49.zip
1470,90,1500,110,R50.zip
1500,90,1530,110,R51.zip
1530,90,1560,110,R52.zip
1560,90,1590,110,R53.zip
1590,90,1620,110,R54.zip
1620,90,1650,110,R55.zip
1650,90,1680,110,R56.zip
1680,90,1710,110,R57.zip
1710,90,1740,110,R58.zip
1740,90,1770,110,R59.zip
1770,90,1800,110,R60.zip
0,90,30,110,R01.zip
60,110,90,130,Q03.zip
90,110,120,130,Q04.zip
120,110,150,130,Q05.zip
150,110,180,130,Q06.zip
180,110,210,130,Q07.zip
210,110,240,130,Q08.zip
240,110,270,130,Q09.zip
270,110,300,130,Q10.zip
300,110,330,130,Q11.zip
330,110,360,130,Q12.zip
360,110,390,130,Q13.zip
390,110,420,130,Q14.zip
420,110,450,130,Q15.zip
450,110,480,130,Q16.zip
480,110,510,130,Q17.zip
510,110,540,130,Q18.zip
540,110,570,130,Q19.zip
570,110,600,130,Q20.zip
930,110,960,130,Q32v2.zip
960,110,990,130,Q33v2.zip
990,110,1020,130,Q34v2.zip
1020,110,1050,130,Q35v2.zip
1050,110,1080,130,Q36v2.zip
1080,110,1110,130,Q37v2.zip
1110,110,1140,130,Q38v2.zip
1140,110,1170,130,Q39v2.zip
1170,110,1200,130,Q40v2.zip
1200,110,1230,130,Q41.zip
1230,110,1260,130,Q42.zip
1260,110,1290,130,Q43.zip
1290,110,1320,130,Q44.zip
1320,110,1350,130,Q45.zip
1350,110,1380,130,Q46.zip
1380,110,1410,130,Q47.zip
1410,110,1440,130,Q48.zip
1440,110,1470,130,Q49.zip
1470,110,1500,130,Q50.zip
1500,110,1530,130,Q51.zip
1530,110,1560,130,Q52.zip
1560,110,1590,130,Q53.zip
1590,110,1620,130,Q54.zip
1620,110,1650,130,Q55.zip
1650,110,1680,130,Q56.zip
1680,110,1710,130,Q57.zip
1710,110,1740,130,Q58.zip
1740,110,1770,130,Q59.zip
1770,110,1800,130,Q60.zip
0,110,30,130,Q01.zip
30,110,60,130,Q02.zip
60,130,90,150,P03.zip
90,130,120,150,P04.zip
120,130,150,150,P05.zip
150,130,180,150,P06.zip
180,130,210,150,P07.zip
210,130,240,150,P08.zip
240,130,270,150,P09.zip
270,130,300,150,P10.zip
300,130,330,150,P11.zip
330,130,360,150,P12.zip
360,130,390,150,P13.zip
390,130,420,150,P14.zip
420,130,450,150,P15.zip
450,130,480,150,P16.zip
480,130,510,150,P17.zip
510,130,540,150,P18.zip
540,130,570,150,P19.zip
570,130,600,150,P20.zip
900,130,930,150,P31v2.zip
930,130,960,150,P32v2.zip
960,130,990,150,P33v2.zip
990,130,1020,150,P34v2.zip
1020,130,1050,150,P35v2.zip
1050,130,1080,150,P36v2.zip
1080,130,1110,150,P37v2.zip
1110,130,1140,150,P38v2.zip
1140,130,1170,150,P39v2.zip
1170,130,1200,150,P40v2.zip
1200,130,1230,150,P41.zip
1230,130,1260,150,P42.zip
1260,130,1290,150,P43.zip
1290,130,1320,150,P44.zip
1320,130,1350,150,P45.zip
1350,130,1380,150,P46.zip
1380,130,1410,150,P47.zip
1410,130,1440,150,P48.zip
1440,130,1470,150,P49.zip
1470,130,1500,150,P50.zip
1500,130,1530,150,P51.zip
1530,130,1560,150,P52.zip
1560,130,1590,150,P53.zip
1590,130,1620,150,P54.zip
1620,130,1650,150,P55.zip
1650,130,1680,150,P56.zip
1680,130,1710,150,P57.zip
1710,130,1740,150,P58.zip
1740,130,1770,150,P59.zip
1770,130,1800,150,P60.zip
30,130,60,150,P02.zip
775,115,835,135,ISL.zip
840,130,870,150,FAR.zip
870,130,900,150,SHL.zip
840,90,870,110,JANMAYEN.zip
990,70,1020,90,BEAR.zip
535,30,840,70,GL-North.zip
600,70,690,130,GL-West.zip
690,70,815,130,GL-East.zip
640,130,700,155,GL-South.zip
30,150,60,170,O02.zip
60,150,90,170,O03.zip
90,150,120,170,O04.zip
120,150,150,170,O05.zip
150,150,180,170,O06.zip
180,150,210,170,O07.zip
210,150,240,170,O08.zip
240,150,270,170,O09.zip
270,150,300,170,O10.zip
300,150,330,170,O11.zip
330,150,360,170,O12.zip
360,150,390,170,O13.zip
390,150,420,170,O14.zip
420,150,450,170,O15.zip
450,150,480,170,O16.zip
480,150,510,170,O17.zip
510,150,540,170,O18.zip
540,150,570,170,O19.zip
570,150,600,170,O20.zip
810,150,840,170,O28.zip
840,150,870,170,O29.zip
870,150,900,170,O30.zip
900,150,930,170,O31.zip
930,150,960,170,O32.zip
960,150,990,170,O33.zip
990,150,1020,170,O34.zip
1020,150,1050,170,O35.zip
1050,150,1080,170,O36.zip
1080,150,1110,170,O37.zip
1110,150,1140,170,O38.zip
1140,150,1170,170,O39.zip
1170,150,1200,170,O40.zip
1200,150,1230,170,O41.zip
1230,150,1260,170,O42.zip
1260,150,1290,170,O43.zip
1290,150,1320,170,O44.zip
1320,150,1350,170,O45.zip
1350,150,1380,170,O46.zip
1380,150,1410,170,O47.zip
1410,150,1440,170,O48.zip
1440,150,1470,170,O49.zip
1470,150,1500,170,O50.zip
1500,150,1530,170,O51.zip
1530,150,1560,170,O52.zip
1560,150,1590,170,O53.zip
1590,150,1620,170,O54.zip
1620,150,1650,170,O55.zip
1650,150,1680,170,O56.zip
1680,150,1710,170,O57.zip
1710,150,1740,170,O58.zip
1740,150,1770,170,O59.zip
0,170,30,190,N01.zip
30,170,60,190,N02.zip
60,170,90,190,N03.zip
90,170,120,190,N04.zip
120,170,150,190,N05.zip
210,170,240,190,N08.zip
240,170,270,190,N09.zip
270,170,300,190,N10.zip
300,170,330,190,N11.zip
330,170,360,190,N12.zip
360,170,390,190,N13.zip
390,170,420,190,N14.zip
420,170,450,190,N15.zip
450,170,480,190,N16.zip
480,170,510,190,N17.zip
510,170,540,190,N18.zip
540,170,570,190,N19.zip
570,170,600,190,N20.zip
600,170,630,190,N21.zip
840,170,870,190,N29.zip
870,170,900,190,N30.zip
900,170,930,190,N31.zip
930,170,960,190,N32.zip
960,170,990,190,N33.zip
990,170,1020,190,N34.zip
1020,170,1050,190,N35.zip
1050,170,1080,190,N36.zip
1080,170,1110,190,N37.zip
1110,170,1140,190,N38.zip
1140,170,1170,190,N39.zip
1170,170,1200,190,N40.zip
1200,170,1230,190,N41.zip
1230,170,1260,190,N42.zip
1260,170,1290,190,N43.zip
1290,170,1320,190,N44.zip
1320,170,1350,190,N45.zip
1350,170,1380,190,N46.zip
1380,170,1410,190,N47.zip
1410,170,1440,190,N48.zip
1440,170,1470,190,N49.zip
1470,170,1500,190,N50.zip
1500,170,1530,190,N51.zip
1530,170,1560,190,N52.zip
1560,170,1590,190,N53.zip
1590,170,1620,190,N54.zip
1650,170,1680,190,N56.zip
1680,170,1710,190,N57.zip
1710,170,1740,190,N58.zip
1740,170,1770,190,N59.zip
1770,170,1800,190,N60.zip
0,190,30,210,M01.zip
240,190,270,210,M09.zip
270,190,300,210,M10.zip
300,190,330,210,M11.zip
330,190,360,210,M12.zip
360,190,390,210,M13.zip
390,190,420,210,M14.zip
420,190,450,210,M15.zip
450,190,480,210,M16.zip
480,190,510,210,M17.zip
510,190,540,210,M18.zip
540,190,570,210,M19.zip
570,190,600,210,M20.zip
600,190,630,210,M21.zip
630,190,660,210,M22.zip
840,190,870,210,M29.zip
870,190,900,210,M30.zip
900,190,930,210,M31.zip
930,190,960,210,M32.zip
960,190,990,210,M33.zip
990,190,1020,210,M34.zip
1020,190,1050,210,M35.zip
1050,190,1080,210,M36.zip
1080,190,1110,210,M37.zip
1110,190,1140,210,M38.zip
1140,190,1170,210,M39.zip
1170,190,1200,210,M40.zip
1200,190,1230,210,M41.zip
1230,190,1260,210,M42.zip
1260,190,1290,210,M43.zip
1290,190,1320,210,M44.zip
1320,190,1350,210,M45.zip
1350,190,1380,210,M46.zip
1380,190,1410,210,M47.zip
1410,190,1440,210,M48.zip
1440,190,1470,210,M49.zip
1470,190,1500,210,M50.zip
1500,190,1530,210,M51.zip
1530,190,1560,210,M52.zip
1560,190,1590,210,M53.zip
1590,190,1620,210,M54.zip
1620,190,1650,210,M55.zip
1650,190,1680,210,M56.zip
1680,190,1710,210,M57.zip
1770,190,1800,210,M60.zip
270,210,300,230,L10.zip
300,210,330,230,L11.zip
330,210,360,230,L12.zip
360,210,390,230,L13.zip
390,210,420,230,L14.zip
420,210,450,230,L15.zip
450,210,480,230,L16.zip
480,210,510,230,L17.zip
510,210,540,230,L18.zip
540,210,570,230,L19.zip
570,210,600,230,L20.zip
600,210,630,230,L21.zip
630,210,660,230,L22.zip
870,210,900,230,L30.zip
900,210,930,230,L31.zip
930,210,960,230,L32.zip
960,210,990,230,L33.zip
990,210,1020,230,L34.zip
1020,210,1050,230,L35.zip
1050,210,1080,230,L36.zip
1080,210,1110,230,L37.zip
1110,210,1140,230,L38.zip
1140,210,1170,230,L39.zip
1170,210,1200,230,L40.zip
1200,210,1230,230,L41.zip
1230,210,1260,230,L42.zip
1260,210,1290,230,L43.zip
1290,210,1320,230,L44.zip
1320,210,1350,230,L45.zip
1350,210,1380,230,L46.zip
1380,210,1410,230,L47.zip
1410,210,1440,230,L48.zip
1440,210,1470,230,L49.zip
1470,210,1500,230,L50.zip
1500,210,1530,230,L51.zip
1530,210,1560,230,L52.zip
1560,210,1590,230,L53.zip
1590,210,1620,230,L54.zip
1620,210,1650,230,L55.zip
1650,210,1680,230,L56.zip
270,230,300,250,K10.zip
300,230,330,250,K11.zip
330,230,360,250,K12.zip
360,230,390,250,K13.zip
390,230,420,250,K14.zip
420,230,450,250,K15.zip
450,230,480,250,K16.zip
480,230,510,250,K17.zip
510,230,540,250,K18.zip
540,230,570,250,K19.zip
570,230,600,250,K20.zip
600,230,630,250,K21.zip
840,230,870,250,K29.zip
870,230,900,250,K30.zip
900,230,930,250,K31.zip
930,230,960,250,K32.zip
960,230,990,250,K33.zip
990,230,1020,250,K34.zip
1020,230,1050,250,K35.zip
1050,230,1080,250,K36.zip
1080,230,1110,250,K37.zip
1110,230,1140,250,K38.zip
1140,230,1170,250,K39.zip
1170,230,1200,250,K40.zip
1200,230,1230,250,K41.zip
1230,230,1260,250,K42.zip
1260,230,1290,250,K43.zip
1290,230,1320,250,K44.zip
1320,230,1350,250,K45.zip
1350,230,1380,250,K46.zip
1380,230,1410,250,K47.zip
1410,230,1440,250,K48.zip
1440,230,1470,250,K49.zip
1470,230,1500,250,K50.zip
1500,230,1530,250,K51.zip
1530,230,1560,250,K52.zip
1560,230,1590,250,K53.zip
1590,230,1620,250,K54.zip
1620,230,1650,250,K55.zip
270,250,300,270,J10.zip
300,250,330,270,J11.zip
330,250,360,270,J12.zip
360,250,390,270,J13.zip
390,250,420,270,J14.zip
420,250,450,270,J15.zip
450,250,480,270,J16.zip
480,250,510,270,J17.zip
510,250,540,270,J18.zip
720,250,750,270,J25.zip
750,250,780,270,J26.zip
840,250,870,270,J29.zip
870,250,900,270,J30.zip
900,250,930,270,J31.zip
930,250,960,270,J32.zip
960,250,990,270,J33.zip
990,250,1020,270,J34.zip
1020,250,1050,270,J35.zip
1050,250,1080,270,J36.zip
1080,250,1110,270,J37.zip
1110,250,1140,270,J38.zip
1140,250,1170,270,J39.zip
1170,250,1200,270,J40.zip
1200,250,1230,270,J41.zip
1230,250,1260,270,J42.zip
1260,250,1290,270,J43.zip
1290,250,1320,270,J44.zip
1320,250,1350,270,J45.zip
1350,250,1380,270,J46.zip
1380,250,1410,270,J47.zip
1410,250,1440,270,J48.zip
1440,250,1470,270,J49.zip
1470,250,1500,270,J50.zip
1500,250,1530,270,J51.zip
1530,250,1560,270,J52.zip
1560,250,1590,270,J53.zip
1590,250,1620,270,J54.zip
270,270,300,290,I10.zip
300,270,330,290,I11.zip
330,270,360,290,I12.zip
360,270,390,290,I13.zip
390,270,420,290,I14.zip
420,270,450,290,I15.zip
450,270,480,290,I16.zip
480,270,510,290,I17.zip
510,270,540,290,I18.zip
570,270,600,290,I20.zip
810,270,840,290,I28.zip
840,270,870,290,I29.zip
870,270,900,290,I30.zip
900,270,930,290,I31.zip
930,270,960,290,I32.zip
960,270,990,290,I33.zip
990,270,1020,290,I34.zip
1020,270,1050,290,I35.zip
1050,270,1080,290,I36.zip
1080,270,1110,290,I37.zip
1110,270,1140,290,I38.zip
1140,270,1170,290,I39.zip
1170,270,1200,290,I40.zip
1200,270,1230,290,I41.zip
1230,270,1260,290,I42.zip
1260,270,1290,290,I43.zip
1290,270,1320,290,I44.zip
1320,270,1350,290,I45.zip
1350,270,1380,290,I46.zip
1380,270,1410,290,I47.zip
1410,270,1440,290,I48.zip
1440,270,1470,290,I49.zip
1470,270,1500,290,I50.zip
1500,270,1530,290,I51.zip
1530,270,1560,290,I52.zip
1560,270,1590,290,I53.zip
1590,270,1620,290,I54.zip
0,290,30,310,H01.zip
300,290,330,310,H11.zip
330,290,360,310,H12.zip
360,290,390,310,H13.zip
390,290,420,310,H14.zip
420,290,450,310,H15.zip
450,290,480,310,H16.zip
480,290,510,310,H17.zip
780,290,810,310,H27.zip
810,290,840,310,H28.zip
840,290,870,310,H29.zip
870,290,900,310,H30.zip
900,290,930,310,H31.zip
930,290,960,310,H32.zip
960,290,990,310,H33.zip
990,290,1020,310,H34.zip
1020,290,1050,310,H35.zip
1050,290,1080,310,H36.zip
1080,290,1110,310,H37.zip
1110,290,1140,310,H38.zip
1140,290,1170,310,H39.zip
1170,290,1200,310,H40.zip
1200,290,1230,310,H41.zip
1230,290,1260,310,H42.zip
1260,290,1290,310,H43.zip
1290,290,1320,310,H44.zip
1320,290,1350,310,H45.zip
1350,290,1380,310,H46.zip
1380,290,1410,310,H47.zip
1410,290,1440,310,H48.zip
1440,290,1470,310,H49.zip
1470,290,1500,310,H50.zip
1500,290,1530,310,H51.zip
1530,290,1560,310,H52.zip
1590,290,1620,310,H54.zip
0,310,30,330,G01.zip
30,310,60,330,G02.zip
300,310,330,330,G11.zip
330,310,360,330,G12.zip
360,310,390,330,G13.zip
390,310,420,330,G14.zip
480,310,510,330,G17.zip
510,310,540,330,G18.zip
780,310,810,330,G27.zip
810,310,840,330,G28.zip
840,310,870,330,G29.zip
870,310,900,330,G30.zip
900,310,930,330,G31.zip
930,310,960,330,G32.zip
960,310,990,330,G33.zip
990,310,1020,330,G34.zip
1020,310,1050,330,G35.zip
1050,310,1080,330,G36.zip
1080,310,1110,330,G37.zip
1110,310,1140,330,G38.zip
1140,310,1170,330,G39.zip
1170,310,1200,330,G40.zip
1200,310,1230,330,G41.zip
1230,310,1260,330,G42.zip
1260,310,1290,330,G43.zip
1290,310,1320,330,G44.zip
1320,310,1350,330,G45.zip
1350,310,1380,330,G46.zip
1380,310,1410,330,G47.zip
1410,310,1440,330,G48.zip
1440,310,1470,330,G49.zip
1470,310,1500,330,G50.zip
1500,310,1530,330,G51.zip
1530,310,1560,330,G52.zip
1590,310,1620,330,G54.zip
1650,310,1680,330,G56.zip
60,330,90,350,F03.zip
90,330,120,350,F04.zip
120,330,150,350,F05.zip
330,330,360,350,F12.zip
360,330,390,350,F13.zip
390,330,420,350,F14.zip
420,330,450,350,F15.zip
450,330,480,350,F16.zip
480,330,510,350,F17.zip
510,330,540,350,F18.zip
540,330,570,350,F19.zip
810,330,840,350,F28.zip
840,330,870,350,F29.zip
870,330,900,350,F30.zip
900,330,930,350,F31.zip
930,330,960,350,F32.zip
960,330,990,350,F33.zip
990,330,1020,350,F34.zip
1020,330,1050,350,F35.zip
1050,330,1080,350,F36.zip
1080,330,1110,350,F37.zip
1110,330,1140,350,F38.zip
1140,330,1170,350,F39.zip
1170,330,1200,350,F40.zip
1230,330,1260,350,F42.zip
1260,330,1290,350,F43.zip
1290,330,1320,350,F44.zip
1320,330,1350,350,F45.zip
1350,330,1380,350,F46.zip
1380,330,1410,350,F47.zip
1410,330,1440,350,F48.zip
1440,330,1470,350,F49.zip
1470,330,1500,350,F50.zip
1500,330,1530,350,F51.zip
1560,330,1590,350,F53.zip
1620,330,1650,350,F55.zip
30,350,60,370,E02.zip
90,350,120,370,E04.zip
120,350,150,370,E05.zip
300,350,330,370,E11.zip
330,350,360,370,E12.zip
360,350,390,370,E13.zip
390,350,420,370,E14.zip
420,350,450,370,E15.zip
450,350,480,370,E16.zip
480,350,510,370,E17.zip
510,350,540,370,E18.zip
540,350,570,370,E19.zip
570,350,600,370,E20.zip
750,350,780,370,E26.zip
780,350,810,370,E27.zip
810,350,840,370,E28.zip
840,350,870,370,E29.zip
870,350,900,370,E30.zip
900,350,930,370,E31.zip
930,350,960,370,E32.zip
960,350,990,370,E33.zip
990,350,1020,370,E34.zip
1020,350,1050,370,E35.zip
1050,350,1080,370,E36.zip
1080,350,1110,370,E37.zip
1110,350,1140,370,E38.zip
1140,350,1170,370,E39.zip
1170,350,1200,370,E40.zip
1260,350,1290,370,E43.zip
1290,350,1320,370,E44.zip
1320,350,1350,370,E45.zip
1350,350,1380,370,E46.zip
1380,350,1410,370,E47.zip
1410,350,1440,370,E48.zip
1440,350,1470,370,E49.zip
1470,350,1500,370,E50.zip
1500,350,1530,370,E51.zip
1620,350,1650,370,E55.zip
1710,350,1740,370,E58.zip
390,370,420,390,D14.zip
420,370,450,390,D15.zip
450,370,480,390,D16.zip
480,370,510,390,D17.zip
510,370,540,390,D18.zip
540,370,570,390,D19.zip
570,370,600,390,D20.zip
600,370,630,390,D21.zip
750,370,780,390,D26.zip
780,370,810,390,D27.zip
810,370,840,390,D28.zip
840,370,870,390,D29.zip
870,370,900,390,D30.zip
900,370,930,390,D31.zip
930,370,960,390,D32.zip
960,370,990,390,D33.zip
990,370,1020,390,D34.zip
1020,370,1050,390,D35.zip
1050,370,1080,390,D36.zip
1080,370,1110,390,D37.zip
1110,370,1140,390,D38.zip
1140,370,1170,390,D39.zip
1170,370,1200,390,D40.zip
1260,370,1290,390,D43.zip
1290,370,1320,390,D44.zip
1350,370,1380,390,D46.zip
1380,370,1410,390,D47.zip
1410,370,1440,390,D48.zip
1440,370,1470,390,D49.zip
1470,370,1500,390,D50.zip
1500,370,1530,390,D51.zip
1620,370,1650,390,D55.zip
1740,370,1770,390,D59.zip
330,390,360,410,C12.zip
450,390,480,410,C16.zip
480,390,510,410,C17.zip
510,390,540,410,C18.zip
540,390,570,410,C19.zip
570,390,600,410,C20.zip
600,390,630,410,C21.zip
810,390,840,410,C28.zip
840,390,870,410,C29.zip
870,390,900,410,C30.zip
900,390,930,410,C31.zip
930,390,960,410,C32.zip
960,390,990,410,C33.zip
990,390,1020,410,C34.zip
1020,390,1050,410,C35.zip
1050,390,1080,410,C36.zip
1080,390,1110,410,C37.zip
1110,390,1140,410,C38.zip
1140,390,1170,410,C39.zip
1260,390,1290,410,C43.zip
1290,390,1320,410,C44.zip
1350,390,1380,410,C46.zip
1380,390,1410,410,C47.zip
1410,390,1440,410,C48.zip
1440,390,1470,410,C49.zip
1470,390,1500,410,C50.zip
1500,390,1530,410,C51.zip
1530,390,1560,410,C52.zip
1560,390,1590,410,C53.zip
1590,390,1620,410,C54.zip
1620,390,1650,410,C55.zip
1650,390,1680,410,C56.zip
1680,390,1710,410,C57.zip
1710,390,1740,410,C58.zip
1740,390,1770,410,C59.zip
60,410,90,430,B03.zip
90,410,120,430,B04.zip
450,410,480,430,B16.zip
480,410,510,430,B17.zip
510,410,540,430,B18.zip
540,410,570,430,B19.zip
570,410,600,430,B20.zip
600,410,630,430,B21.zip
630,410,660,430,B22.zip
810,410,840,430,B28.zip
840,410,870,430,B29.zip
870,410,900,430,B30.zip
900,410,930,430,B31.zip
930,410,960,430,B32.zip
960,410,990,430,B33.zip
990,410,1020,430,B34.zip
1020,410,1050,430,B35.zip
1050,410,1080,430,B36.zip
1080,410,1110,430,B37.zip
1110,410,1140,430,B38.zip
1140,410,1170,430,B39.zip
1260,410,1290,430,B43.zip
1290,410,1320,430,B44.zip
1350,410,1380,430,B46.zip
1380,410,1410,430,B47.zip
1410,410,1440,430,B48.zip
1440,410,1470,430,B49.zip
1470,410,1500,430,B50.zip
1500,410,1530,430,B51.zip
1530,410,1560,430,B52.zip
1560,410,1590,430,B53.zip
1590,410,1620,430,B54.zip
1620,410,1650,430,B55.zip
1650,410,1680,430,B56.zip
1680,410,1710,430,B57.zip
1710,410,1740,430,B58.zip
1740,410,1770,430,B59.zip
0,430,30,450,A01.zip
90,430,120,450,A04.zip
420,430,450,450,A15.zip
450,430,480,450,A16.zip
480,430,510,450,A17.zip
510,430,540,450,A18.zip
540,430,570,450,A19.zip
570,430,600,450,A20.zip
600,430,630,450,A21.zip
630,430,660,450,A22.zip
930,430,960,450,A32.zip
960,430,990,450,A33.zip
990,430,1020,450,A34.zip
1020,430,1050,450,A35.zip
1050,430,1080,450,A36.zip
1080,430,1110,450,A37.zip
1110,430,1140,450,A38.zip
1260,430,1290,450,A43.zip
1350,430,1380,450,A46.zip
1380,430,1410,450,A47.zip
1410,430,1440,450,A48.zip
1440,430,1470,450,A49.zip
1470,430,1500,450,A50.zip
1500,430,1530,450,A51.zip
1530,430,1560,450,A52.zip
1560,430,1590,450,A53.zip
1650,430,1680,450,A56.zip
1740,430,1770,450,A59.zip
0,450,30,470,SA01.zip
30,450,60,470,SA02.zip
90,450,120,470,SA04.zip
120,450,150,470,SA05.zip
420,450,450,470,SA15.zip
450,450,480,470,SA16.zip
480,450,510,470,SA17.zip
510,450,540,470,SA18.zip
540,450,570,470,SA19.zip
570,450,600,470,SA20.zip
600,450,630,470,SA21.zip
630,450,660,470,SA22.zip
660,450,690,470,SA23.zip
690,450,720,470,SA24.zip
720,450,750,470,SA25.zip
900,450,930,470,SA31.zip
930,450,960,470,SA32.zip
960,450,990,470,SA33.zip
990,450,1020,470,SA34.zip
1020,450,1050,470,SA35.zip
1050,450,1080,470,SA36.zip
1080,450,1110,470,SA37.zip
1110,450,1140,470,SA38.zip
1170,450,1200,470,SA40.zip
1260,450,1290,470,SA43.zip
1380,450,1410,470,SA47.zip
1410,450,1440,470,SA48.zip
1440,450,1470,470,SA49.zip
1470,450,1500,470,SA50.zip
1500,450,1530,470,SA51.zip
1530,450,1560,470,SA52.zip
1560,450,1590,470,SA53.zip
1590,450,1620,470,SA54.zip
1620,450,1650,470,SA55.zip
1650,450,1680,470,SA56.zip
1710,450,1740,470,SA58.zip
1740,450,1770,470,SA59.zip
1770,450,1800,470,SA60.zip
0,470,30,490,SB01.zip
30,470,60,490,SB02.zip
120,470,150,490,SB05.zip
180,470,210,490,SB07.zip
480,470,510,490,SB17.zip
510,470,540,490,SB18.zip
540,470,570,490,SB19.zip
570,470,600,490,SB20.zip
600,470,630,490,SB21.zip
630,470,660,490,SB22.zip
660,470,690,490,SB23.zip
690,470,720,490,SB24.zip
720,470,750,490,SB25.zip
810,470,840,490,SB28.zip
930,470,960,490,SB32.zip
960,470,990,490,SB33.zip
990,470,1020,490,SB34.zip
1020,470,1050,490,SB35.zip
1050,470,1080,490,SB36.zip
1080,470,1110,490,SB37.zip
1140,470,1170,490,SB39.zip
1170,470,1200,490,SB40.zip
1230,470,1260,490,SB42.zip
1260,470,1290,490,SB43.zip
1380,470,1410,490,SB47.zip
1410,470,1440,490,SB48.zip
1440,470,1470,490,SB49.zip
1470,470,1500,490,SB50.zip
1500,470,1530,490,SB51.zip
1530,470,1560,490,SB52.zip
1560,470,1590,490,SB53.zip
1590,470,1620,490,SB54.zip
1620,470,1650,490,SB55.zip
1650,470,1680,490,SB56.zip
1680,470,1710,490,SB57.zip
1770,470,1800,490,SB60.zip
30,490,60,510,SC02.zip
60,490,90,510,SC03.zip
90,490,120,510,SC04.zip
120,490,150,510,SC05.zip
180,490,210,510,SC07.zip
480,490,510,510,SC17.zip
510,490,540,510,SC18.zip
540,490,570,510,SC19.zip
570,490,600,510,SC20.zip
600,490,630,510,SC21.zip
630,490,660,510,SC22.zip
660,490,690,510,SC23.zip
690,490,720,510,SC24.zip
720,490,750,510,SC25.zip
960,490,990,510,SC33.zip
990,490,1020,510,SC34.zip
1020,490,1050,510,SC35.zip
1050,490,1080,510,SC36.zip
1080,490,1110,510,SC37.zip
1110,490,1140,510,SC38.zip
1140,490,1170,510,SC39.zip
1170,490,1200,510,SC40.zip
1380,490,1410,510,SC47.zip
1410,490,1440,510,SC48.zip
1440,490,1470,510,SC49.zip
1470,490,1500,510,SC50.zip
1500,490,1530,510,SC51.zip
1530,490,1560,510,SC52.zip
1560,490,1590,510,SC53.zip
1590,490,1620,510,SC54.zip
1620,490,1650,510,SC55.zip
1650,490,1680,510,SC56.zip
1680,490,1710,510,SC57.zip
1710,490,1740,510,SC58.zip
1740,490,1770,510,SC59.zip
1770,490,1800,510,SC60.zip
0,510,30,530,SD01.zip
30,510,60,530,SD02.zip
60,510,90,530,SD03.zip
120,510,150,530,SD05.zip
150,510,180,530,SD06.zip
180,510,210,530,SD07.zip
510,510,540,530,SD18.zip
540,510,570,530,SD19.zip
570,510,600,530,SD20.zip
600,510,630,530,SD21.zip
630,510,660,530,SD22.zip
660,510,690,530,SD23.zip
690,510,720,530,SD24.zip
870,510,900,530,SD30.zip
930,510,960,530,SD32.zip
960,510,990,530,SD33.zip
990,510,1020,530,SD34.zip
1020,510,1050,530,SD35.zip
1050,510,1080,530,SD36.zip
1080,510,1110,530,SD37.zip
1110,510,1140,530,SD38.zip
1140,510,1170,530,SD39.zip
1170,510,1200,530,SD40.zip
1380,510,1410,530,SD47.zip
1500,510,1530,530,SD51.zip
1530,510,1560,530,SD52.zip
1560,510,1590,530,SD53.zip
1590,510,1620,530,SD54.zip
1620,510,1650,530,SD55.zip
1710,510,1740,530,SD58.zip
1740,510,1770,530,SD59.zip
1770,510,1800,530,SD60.zip
0,530,30,550,SE01.zip
30,530,60,550,SE02.zip
60,530,90,550,SE03.zip
90,530,120,550,SE04.zip
120,530,150,550,SE05.zip
150,530,180,550,SE06.zip
180,530,210,550,SE07.zip
210,530,240,550,SE08.zip
510,530,540,550,SE18.zip
540,530,570,550,SE19.zip
570,530,600,550,SE20.zip
600,530,630,550,SE21.zip
630,530,660,550,SE22.zip
660,530,690,550,SE23.zip
690,530,720,550,SE24.zip
870,530,900,550,SE30.zip
930,530,960,550,SE32.zip
960,530,990,550,SE33.zip
990,530,1020,550,SE34.zip
1020,530,1050,550,SE35.zip
1050,530,1080,550,SE36.zip
1080,530,1110,550,SE37.zip
1110,530,1140,550,SE38.zip
1140,530,1170,550,SE39.zip
1170,530,1200,550,SE40.zip
1200,530,1230,550,SE41.zip
1470,530,1500,550,SE50.zip
1500,530,1530,550,SE51.zip
1530,530,1560,550,SE52.zip
1560,530,1590,550,SE53.zip
1590,530,1620,550,SE54.zip
1620,530,1650,550,SE55.zip
1650,530,1680,550,SE56.zip
1680,530,1710,550,SE57.zip
1710,530,1740,550,SE58.zip
1740,530,1770,550,SE59.zip
1770,530,1800,550,SE60.zip
0,550,30,570,SF01.zip
90,550,120,570,SF04.zip
120,550,150,570,SF05.zip
150,550,180,570,SF06.zip
180,550,210,570,SF07.zip
210,550,240,570,SF08.zip
240,550,270,570,SF09.zip
540,550,570,570,SF19.zip
570,550,600,570,SF20.zip
600,550,630,570,SF21.zip
630,550,660,570,SF22.zip
660,550,690,570,SF23.zip
690,550,720,570,SF24.zip
750,550,780,570,SF26.zip
960,550,990,570,SF33.zip
990,550,1020,570,SF34.zip
1020,550,1050,570,SF35.zip
1050,550,1080,570,SF36.zip
1080,550,1110,570,SF37.zip
1110,550,1140,570,SF38.zip
1140,550,1170,570,SF39.zip
1170,550,1200,570,SF40.zip
1440,550,1470,570,SF49.zip
1470,550,1500,570,SF50.zip
1500,550,1530,570,SF51.zip
1530,550,1560,570,SF52.zip
1560,550,1590,570,SF53.zip
1590,550,1620,570,SF54.zip
1620,550,1650,570,SF55.zip
1650,550,1680,570,SF56.zip
1680,550,1710,570,SF57.zip
1710,550,1740,570,SF58.zip
1740,550,1770,570,SF59.zip
150,570,180,590,SG06.zip
180,570,210,590,SG07.zip
240,570,270,590,SG09.zip
270,570,300,590,SG10.zip
330,570,360,590,SG12.zip
360,570,390,590,SG13.zip
480,570,510,590,SG17.zip
540,570,570,590,SG19.zip
570,570,600,590,SG20.zip
600,570,630,590,SG21.zip
630,570,660,590,SG22.zip
660,570,690,590,SG23.zip
960,570,990,590,SG33.zip
990,570,1020,590,SG34.zip
1020,570,1050,590,SG35.zip
1050,570,1080,590,SG36.zip
1110,570,1140,590,SG38.zip
1440,570,1470,590,SG49.zip
1470,570,1500,590,SG50.zip
1500,570,1530,590,SG51.zip
1530,570,1560,590,SG52.zip
1560,570,1590,590,SG53.zip
1590,570,1620,590,SG54.zip
1620,570,1650,590,SG55.zip
1650,570,1680,590,SG56.zip
0,590,30,610,SH01.zip
540,590,570,610,SH19.zip
570,590,600,610,SH20.zip
600,590,630,610,SH21.zip
630,590,660,610,SH22.zip
960,590,990,610,SH33.zip
990,590,1020,610,SH34.zip
1020,590,1050,610,SH35.zip
1050,590,1080,610,SH36.zip
1440,590,1470,610,SH49.zip
1470,590,1500,610,SH50.zip
1500,590,1530,610,SH51.zip
1530,590,1560,610,SH52.zip
1560,590,1590,610,SH53.zip
1590,590,1620,610,SH54.zip
1620,590,1650,610,SH55.zip
1650,590,1680,610,SH56.zip
1680,590,1710,610,SH57.zip
1710,590,1740,610,SH58.zip
480,610,510,630,SI17.zip
510,610,540,630,SI18.zip
540,610,570,630,SI19.zip
570,610,600,630,SI20.zip
600,610,630,630,SI21.zip
630,610,660,630,SI22.zip
960,610,990,630,SI33.zip
990,610,1020,630,SI34.zip
1020,610,1050,630,SI35.zip
1470,610,1500,630,SI50.zip
1500,610,1530,630,SI51.zip
1530,610,1560,630,SI52.zip
1560,610,1590,630,SI53.zip
1590,610,1620,630,SI54.zip
1620,610,1650,630,SI55.zip
1650,610,1680,630,SI56.zip
1740,610,1770,630,SI59.zip
1770,610,1800,630,SI60.zip
510,630,540,650,SJ18.zip
540,630,570,650,SJ19.zip
570,630,600,650,SJ20.zip
600,630,630,650,SJ21.zip
810,630,840,650,SJ28.zip
1260,630,1290,650,SJ43.zip
1560,630,1590,650,SJ53.zip
1590,630,1620,650,SJ54.zip
1620,630,1650,650,SJ55.zip
1650,630,1680,650,SJ56.zip
1740,630,1770,650,SJ59.zip
1770,630,1800,650,SJ60.zip
0,650,30,670,SK01.zip
510,650,540,670,SK18.zip
540,650,570,670,SK19.zip
570,650,600,670,SK20.zip
840,650,870,670,SK29.zip
1590,650,1620,670,SK54.zip
1620,650,1650,670,SK55.zip
1740,650,1770,670,SK59.zip
1770,650,1800,670,SK60.zip
0,670,30,690,SL01.zip
510,670,540,690,SL18.zip
540,670,570,690,SL19.zip
570,670,600,690,SL20.zip
1080,670,1110,690,SL37.zip
1140,670,1170,690,SL39.zip
1710,670,1740,690,SL58.zip
1740,670,1770,690,SL59.zip
1770,670,1800,690,SL60.zip
510,690,540,710,SM18.zip
540,690,570,710,SM19.zip
570,690,600,710,SM20.zip
600,690,630,710,SM21.zip
1230,690,1260,710,SM42.zip
1710,690,1740,710,SM58.zip
1770,690,1800,710,SM60.zip
510,710,540,730,SN18.zip
540,710,570,730,SN19.zip
570,710,600,730,SN20.zip
600,710,630,730,SN21.zip
690,710,720,730,SN24.zip
720,710,750,730,SN25.zip
900,710,930,730,SN31.zip
1260,710,1290,730,SN43.zip
1680,710,1710,730,SN57.zip
1740,710,1770,730,SN59.zip
750,730,780,750,SO26.zip
660,750,690,770,SP23.zip
1710,770,1740,790,SQ58.zip
420,790,450,810,SR15.zip
